tree
version=v4
num_class=1
num_tree_per_iteration=1
label_index=0
max_feature_idx=141
objective=regression
feature_names=Column_0 Column_1 Column_2 Column_3 Column_4 Column_5 Column_6 Column_7 Column_8 Column_9 Column_10 Column_11 Column_12 Column_13 Column_14 Column_15 Column_16 Column_17 Column_18 Column_19 Column_20 Column_21 Column_22 Column_23 Column_24 Column_25 Column_26 Column_27 Column_28 Column_29 Column_30 Column_31 Column_32 Column_33 Column_34 Column_35 Column_36 Column_37 Column_38 Column_39 Column_40 Column_41 Column_42 Column_43 Column_44 Column_45 Column_46 Column_47 Column_48 Column_49 Column_50 Column_51 Column_52 Column_53 Column_54 Column_55 Column_56 Column_57 Column_58 Column_59 Column_60 Column_61 Column_62 Column_63 Column_64 Column_65 Column_66 Column_67 Column_68 Column_69 Column_70 Column_71 Column_72 Column_73 Column_74 Column_75 Column_76 Column_77 Column_78 Column_79 Column_80 Column_81 Column_82 Column_83 Column_84 Column_85 Column_86 Column_87 Column_88 Column_89 Column_90 Column_91 Column_92 Column_93 Column_94 Column_95 Column_96 Column_97 Column_98 Column_99 Column_100 Column_101 Column_102 Column_103 Column_104 Column_105 Column_106 Column_107 Column_108 Column_109 Column_110 Column_111 Column_112 Column_113 Column_114 Column_115 Column_116 Column_117 Column_118 Column_119 Column_120 Column_121 Column_122 Column_123 Column_124 Column_125 Column_126 Column_127 Column_128 Column_129 Column_130 Column_131 Column_132 Column_133 Column_134 Column_135 Column_136 Column_137 Column_138 Column_139 Column_140 Column_141
feature_infos=[-2.8942883014678955:2.8686602115631104] [-3.0509302616119385:2.9611399173736572] [-2.9325897693634033:2.9597294330596924] [-2.0402941703796387:3.2564549446105957] [-2.9330854415893555:3.1893184185028076] [-2.819455623626709:2.7479796409606934] [-3.0703234672546387:3.0466086864471436] [-2.0920031070709229:2.9457850456237793] [-3.3025212287902832:3.3040275573730469] [-2.4074809551239014:2.5273945331573486] [-2.3387112617492676:2.9068460464477539] [-2.0861752033233643:2.5633590221405029] [-2.3093276023864746:2.2293767929077148] [-2.2825446128845215:1.5866938829421997] [-2.7415997982025146:2.7620923519134521] [-3.3599269390106201:2.1129646301269531] [-2.9325897693634033:3.0068960189819336] none none none none none none none none [0:1] [0:1] [0:1] [0:1] [0:1] [0:1] [0:1] none [0:1] [20.675296783447266:26.0838623046875] [0:1] none [0:0.99400001764297485] [0:0.049763165414333344] [-0.10102710127830505:0.031618703156709671] [-0.099938087165355682:0.046737194061279297] [-0.077600099146366119:0.092204481363296509] [0:0.082164332270622253] [0:0.87187188863754272] [0:0.012000000104308128] [0:0.020999999716877937] [22.386207580566406:23.18482780456543] [22.334938049316406:23.146045684814453] [0.38022854924201965:0.6495286226272583] [0:1] [0.98799997568130493:1] [0:1] [0:1] [-0.089121297001838684:0.051574375480413437] [-0.085547968745231628:0.052020169794559479] [-0.1663956344127655:0.11881818622350693] [-0.16110570728778839:0.12514185905456543] [-0.21271248161792755:0.36002752184867859] [-0.20465908944606781:0.35180392861366272] [0:1] [0:1] [0:1] [0:1] [0:1] none none none none none none none none none none none [0:1] [0:1] [0:1] [0:1] [0:1] [0:1] [0:1] [0:0.078300260007381439] [0:0.20003204047679901] [1:138] [21.965875625610352:23.728822708129883] [0.00079968536738306284:0.15942621231079102] [0:0.25] [0:1] [0.95999997854232788:1] [-0.10009732842445374:0.093103930354118347] [-0.075524270534515381:0.093421675264835358] [-0.22321070730686188:0.2111620157957077] [-0.13455630838871002:0.18335852026939392] [-0.28979802131652832:0.53712278604507446] [-0.3218197226524353:0.3547806441783905] [0:1] [0:1] [0:1] none none none none none none [0:1] [0:1] [0:1] [0:1] [0:1] [0:1] [0:1] [0:1] [0:1] [0:1] [0:1] [0:1] [0:1] [0:1] [0:1] [0:1] [0:1] [0:1] [0:1] [0:1] [0:1] [0:1] [0:1] [0:1] [0:1] [0:1] [0:1] [0:1] [0:1] [0:1] [0:1] [0:1] [0:1] [0:1] [0:1] [0:1] none
tree_sizes=3075 3471 3206 3296 3263 3051 3284 3371 3218 3152 3174 3364 3378 3326 3434 3249 3311 3144 3366 3188 3302

Tree=0
num_leaves=27
num_cat=0
split_feature=3 3 26 85 46 47 6 94 2 86 47 85 85 84 14 86 86 85 46 84 86 11 56 47 84 46
split_gain=0.441086 0.0993474 0.03402 0.0227792 0.0209727 0.0177063 0.0151834 0.0129966 0.0128562 0.0123331 0.011529 0.0107776 0.0097253 0.0094269 0.00802898 0.0071968 0.00662114 0.00568752 0.00490967 0.00339746 0.00294312 0.00273204 0.00252502 0.00203729 0.0017592 0.00100609
threshold=0.71938294172286998 -0.3703105747699737 1.0000000180025095e-35 23.073109626770023 23.107088088989261 22.918435096740726 -0.68932670354843129 0.024458861909806732 0.34199084341526037 0.073611106723546996 22.560580253601078 23.151345252990726 22.987627029418949 55.500000000000007 0.033232936635613448 0.1405870467424393 0.023320324718952182 23.012588500976566 22.454329490661625 134.00000000000003 0.042358102276921279 1.2058672904968264 -0.065771464258432374 23.115139961242679 30.500000000000004 22.968789100646976
decision_type=2 2 2 2 2 2 2 2 2 2 2 2 2 2 2 2 2 2 2 2 2 2 2 2 2 2
left_child=1 4 8 6 7 24 14 12 19 -7 -9 15 -1 -8 -3 -6 -13 20 -4 21 -10 -2 -20 -24 -5 -19
right_child=2 3 18 5 11 9 13 10 17 -11 -12 16 -14 -15 -16 -17 -18 25 22 -21 -22 -23 23 -25 -26 -27
leaf_value=0.50073331371809993 0.49837360685080379 0.49911106992629678 0.49999999992925748 0.49999999992925748 0.50259134980118059 0.49981719835522864 0.49999999992925748 0.49999999992925748 0.49986790516075247 0.49820606547476926 0.50145022652783733 0.50122644261842542 0.49999999992925748 0.50069770734394214 0.50002427627572343 0.49999999992925748 0.4999559558579631 0.49999999992925748 0.49999999992925748 0.49999999992925748 0.50061137235516606 0.49999999992925748 0.4969876869787353 0.49999999992925748 0.50070261708319119 0.49912587543382536
leaf_weight=186.62407974468078 96.294732256326824 34.00632892223075 1.425000067683867 5.582009273581205 35.899001705111004 32.54600154585205 99.072240865207277 8.4379603011766431 8.6480904952622968 28.002001330023631 111.05000527459197 3.5300001676660058 53.830015568993986 97.744838424725458 30.551344773150049 1.5110000717686478 15.071000715834087 1.0440000495873381 1.4850000705337141 1.6950000805081789 11.878139694686977 5.0110542887123293 70.902952257776633 1.8240000866353501 7.2110003425041214 11.962000568164511
leaf_count=186621 96294 34006 1425 5582 35899 32546 99071 8437 8648 28002 111050 3530 53830 97744 30551 1511 15071 1044 1485 1695 11878 5011 70902 1824 7211 11962
internal_value=0.499997 0.500565 0.498032 0.499936 0.501072 0.499205 0.500144 0.500862 0.498734 0.498853 0.50132 0.502012 0.50057 0.500374 0.499556 0.502474 0.500367 0.499835 0.49712 0.498466 0.500194 0.49843 0.49707 0.497031 0.500424 0.499213
internal_weight=962.839 750.669 212.17 334.716 415.953 73.341 261.375 359.942 136.533 60.548 119.488 56.011 240.454 196.817 64.5577 37.41 18.601 33.5322 75.637 103.001 20.5262 101.306 74.212 72.727 12.793 13.006
internal_count=962830 750662 212168 334713 415949 73341 261372 359938 136532 60548 119487 56011 240451 196815 64557 37410 18601 33532 75636 103000 20526 101305 74211 72726 12793 13006
is_linear=0
shrinkage=1


Tree=1
num_leaves=31
num_cat=0
split_feature=3 3 9 85 9 47 47 6 85 16 94 47 47 85 86 47 86 47 58 92 47 86 86 42 47 42 83 3 42 83
split_gain=0.420611 0.0873735 0.0409224 0.0238767 0.0303026 0.017487 0.0150929 0.0127655 0.0125104 0.012053 0.0119002 0.0113512 0.0107213 0.0104383 0.0103226 0.00825882 0.0131644 0.00743146 0.00698715 0.00638404 0.00549105 0.00524115 0.0039749 0.00304973 0.00135851 0.00108813 0.00105004 0.000699277 0.000166888 1.87509e-06
threshold=0.7544861137866975 -0.3703105747699737 1.0000000180025095e-35 23.073109626770023 1.0000000180025095e-35 23.071579933166507 22.918435096740726 -0.56700280308723439 23.161663055419925 1.0000000180025095e-35 0.015672342851758007 22.571290969848636 22.543723106384281 22.987627029418949 0.072978690266609206 22.916462898254398 0.049547262489795692 22.821702003479007 -0.014076280873268841 -0.031609095633029931 22.39427471160889 0.023320324718952182 0.13348673284053805 0.020030049607157711 22.761575698852543 0.0035075377672910695 0.018103551119565967 0.82826736569404613 0.012006006203591825 0.045720674097538001
decision_type=2 2 2 2 2 2 2 2 2 2 2 2 2 2 2 2 2 2 2 2 2 2 2 2 2 2 2 2 2 2
left_child=1 5 9 4 7 10 24 -3 18 20 13 -12 28 -1 -8 16 25 -6 -7 29 -2 -10 -21 -18 -5 -4 -22 -14 -11 -17
right_child=2 3 15 6 17 8 14 -9 21 12 11 -13 27 -15 -16 19 23 -19 -20 22 26 -23 -24 -25 -26 -27 -28 -29 -30 -31
leaf_value=0.0007029355781469199 0 -0.00082323873985963548 0 0 0.00119581214045198 0 -0.00018564919003757882 4.3792834228550351e-05 0.0010207788044550468 0 0 0.0013606487967052817 0 -1.5573665591839854e-05 -0.0016838038168294882 1.8781709051727107e-05 0.00080391315989648262 0.00011695602035877937 0.0025773786408688749 -0.0016040947476476646 0 -0.00013574777650431186 0 0 0.00053417467530047721 -0.00097004453761057171 -0.0029845567191964101 -0.0014687745928959825 0.00023779176124437532 0
leaf_weight=175.94090707576834 1.1010000522946928 47.497480704798363 1.0010000475449512 2.0430091054877257 56.355069677578285 5.0200002384372047 32.526001544902101 124.26724706660025 3.1830001511843902 3.2013564863009369 11.241155617404727 124.17100589780603 3.2790001557441419 50.62601241399534 29.179001385928132 3.2890001562191165 16.786332108080391 39.07500185596291 32.309001534595154 26.669001266709532 1.048032079823314 13.258000629721208 1.4490000688238058 4.1900001990143201 11.000000522471963 17.867266097455285 86.275912950397469 34.124001620803028 2.2740751784294844 2.1450001018820331
leaf_count=175938 1101 47497 1001 2043 56354 5020 32526 124266 3183 3201 11240 124171 3279 50626 29179 3289 16786 39075 32309 26669 1048 13258 1449 4190 11000 17867 86275 34124 2274 2145
internal_value=0 0.000544651 -0.00195882 -3.55082e-05 0.000175449 0.00102319 -0.000780319 -0.000200557 0.00191301 -0.00249273 0.000829693 0.00123008 -0.00112491 0.000527379 -0.00109985 -0.000759352 -7.47328e-05 0.000854479 0.00235992 -0.00125373 -0.00292352 0.000200435 -0.00148816 0.000559217 0.000335642 -0.000902289 -0.0029639 -0.00140399 0.000133744 0
internal_weight=962.392 757.692 204.7 341.943 267.195 415.749 74.748 171.765 53.77 131.303 361.979 135.412 42.8784 226.567 61.705 73.3966 39.8446 95.4301 37.329 33.552 88.4249 16.441 28.118 20.9763 13.043 18.8683 87.3239 37.403 5.47543 5.434
internal_count=962383 757685 204698 341940 267192 415745 74748 171763 53770 131302 361975 135411 42878 226564 61705 73396 39844 95429 37329 33552 88424 16441 28118 20976 13043 18868 87323 37403 5475 5434
is_linear=0
shrinkage=0.05


Tree=2
num_leaves=28
num_cat=0
split_feature=3 3 9 13 3 47 46 34 47 57 85 9 85 86 4 47 46 85 3 86 92 46 86 129 13 43 58
split_gain=0.381522 0.0823679 0.0411599 0.0242626 0.0205399 0.0246903 0.0134051 0.012653 0.0204494 0.0123247 0.0111878 0.00973693 0.00930852 0.00929096 0.00922574 0.00881797 0.00725765 0.00608645 0.00493883 0.00471704 0.004045 0.00359146 0.00190812 0.00157271 0.00124524 0.000397649 0.000247111
threshold=0.7544861137866975 -0.24267899990081784 0.20928239077329638 0.16040010750293734 -1.0131904482841489 22.539149284362797 23.111018180847172 23.073939323425297 22.918435096740726 -0.025766122154891487 23.151345252990726 1.0000000180025095e-35 22.973665237426761 0.035142166540026672 0.30973565578460699 22.39427471160889 22.978964805603031 23.036500930786136 0.96813294291496288 0.050184743478894241 -0.096565544605255113 22.988387107849125 0.017200033180415634 1.0000000180025095e-35 0.88150709867477428 0.0050075124017894277 -0.053092151880264275
decision_type=2 2 2 2 2 2 2 2 2 2 2 2 2 2 2 2 2 2 2 2 2 2 2 2 2 2 2
left_child=1 4 15 11 5 26 13 8 -6 -7 19 14 -9 -5 -3 -2 -13 -8 23 24 -20 -21 -12 -17 -4 -24 -1
right_child=2 3 10 6 7 9 17 12 -10 -11 22 16 -14 -15 -16 18 -18 -19 20 21 -22 -23 25 -25 -26 -27 -28
leaf_value=0 0 -0.0011295641564655074 -0.00065060392713511698 -1.3652024692953258e-05 0.00040576232891595323 0.0003913837837568033 0.00013629509342599858 0.00059882372684014619 0.0014619981788689472 0.0019723012628103005 0 0.00052741812627588741 -0.00030345329683817597 0.00075295748830635982 0 -0.00095557534394009153 -0.0005357776294155187 -0.0010453631298073258 0 0.00072623061649566281 -0.0026118270871205423 -3.2984106783419707e-05 -0.0016183263810669692 0 0 0 -0.00023240071276385647
leaf_weight=1.0420000494923431 1.4730000699637447 68.526495716767386 15.945116866263563 44.400504580233246 155.03808224818204 30.361001442070119 4.5880002179183093 40.830361276399344 81.671003879164346 93.17300442548003 1.0140000481624145 23.430317409569398 50.268005390418693 90.329891122295521 25.634219422237948 26.063169395667504 20.812000988516957 15.091000716784036 1.7910000850679342 14.417206878191793 114.65737673221156 12.272000582888721 9.71800046158023 2.4190251383697605 3.9160352188628158 1.1310000537196163 12.594028562423771
leaf_count=1042 1473 68526 15945 44400 155035 30361 4588 40830 81671 93173 1014 23430 50268 90329 25634 26063 20812 15091 1791 14417 114656 12272 9718 2419 3916 1131 12593
internal_value=-6.6922e-07 0.000515379 -0.00186835 -0.000125317 0.000923518 0.00146437 0.000277116 0.000645749 0.000834947 0.00167961 -0.000511616 -0.000596403 7.07222e-05 0.000482286 -0.000860511 -0.00231038 0 -0.000648301 -0.00235179 0 -0.0025778 0.000327014 -0.00144857 -0.000868075 -0.000513345 -0.0015586 -0.000159662
internal_weight=962.607 757.79 204.817 292.812 464.977 137.17 154.409 327.807 236.709 123.534 58.4134 138.403 91.0984 134.73 94.1607 146.404 44.2423 19.679 144.931 46.5504 116.448 26.6892 11.863 28.4822 19.8612 10.849 13.636
internal_count=962598 757783 204815 292810 464973 137169 154408 327804 236706 123534 58413 138402 91098 134729 94160 146402 44242 19679 144929 46550 116447 26689 11863 28482 19861 10849 13635
is_linear=0
shrinkage=0.05


Tree=3
num_leaves=29
num_cat=0
split_feature=3 3 9 13 3 47 16 34 47 46 47 57 9 4 86 46 85 86 47 86 47 46 13 10 86 47 34 58
split_gain=0.357812 0.0762403 0.0317279 0.0241691 0.0182709 0.0244474 0.012571 0.0117619 0.0142733 0.0111967 0.0104494 0.0101684 0.00823225 0.0083284 0.00802291 0.00771853 0.00708202 0.00730676 0.00689053 0.00593653 0.00444714 0.00308637 0.00260876 0.0020585 0.00201126 0.00194969 0.000300693 0.000292996
threshold=0.7544861137866975 -0.26251931488513941 1.0000000180025095e-35 0.16040010750293734 -1.0131904482841489 22.539149284362797 0.051659924909472472 23.100090026855472 22.916462898254398 23.111018180847172 22.543723106384281 -0.025766122154891487 1.0000000180025095e-35 0.40304234623909002 0.037165030837059028 22.968789100646976 23.140629768371586 0.050184743478894241 22.932091712951664 0.028115583583712581 22.39427471160889 23.018060684204105 0.88150709867477428 0.15922353416681292 0.016863081604242328 23.111733436584476 22.520089149475101 -0.053092151880264275
decision_type=2 2 2 2 2 2 2 2 2 2 2 2 2 2 2 2 2 2 2 2 2 2 2 2 2 2 2 2
left_child=1 4 6 12 5 27 20 8 -6 14 26 -7 13 -3 -5 -14 17 22 -9 -11 -2 -19 -4 -12 -18 -22 -8 -1
right_child=2 3 16 9 7 11 10 18 -10 19 23 -13 15 -15 -16 -17 24 21 -20 -21 25 -23 -24 -25 -26 -27 -28 -29
leaf_value=0 0 -0.001036866152668167 -0.00097688629579682643 0 0.00043383023655111611 0.00041244874818743902 0.000345517902022741 0.00056687500747831267 0.0013502118101865583 0.00022265558318360418 -0.0013724201612214599 0.0019160097399170838 0.0005434962942157005 0 0.00074770790497933888 -0.00054517367188606245 0 0.00049916575232628339 -0.00024070971144564518 -0.0009337551312693182 -0.0027655345872071024 -0.00019585981273606077 0 0 -0.0015906699776906605 0 0 -0.00025916236264406751
leaf_weight=1.0450000496348355 1.0820000513922412 72.514513923088089 19.605209126486447 48.849587869481184 153.32205514132511 30.394001443637535 3.5162453970406196 33.657316894386895 83.382003960432485 4.3750002078013521 30.532001450192183 93.02400441840291 22.944328396813944 24.192209344357252 89.06580998620484 22.182001053588465 1.2000000569969405 20.252341281156987 50.241002386319451 15.809000750887206 85.574934937758371 13.188000626396386 4.9710452783619976 5.2920002513565114 14.147000671946442 3.514000166906043 1.8291662427363915 12.537035566288976
leaf_count=1045 1082 72514 19605 48849 153319 30394 3516 33657 83382 4375 30532 93024 22944 24192 89065 22182 1200 20252 50241 15809 85574 13188 4971 5292 14147 3514 1829 12536
internal_value=3.01754e-06 0.000512792 -0.0017962 -9.15183e-05 0.000913063 0.00142696 -0.00227183 0.00064182 0.00081855 0.000305703 -0.000947479 0.00164187 -0.000558199 -0.000797638 0.000488706 0 -0.000714344 -0.000247758 5.58865e-05 -0.000526723 -0.00267163 0.000127976 -0.000792768 -0.00124648 -0.0014873 -0.00270698 0.000236991 -0.000182009
internal_weight=962.239 757.535 204.704 299.932 457.602 137 131.34 320.602 236.704 158.099 41.1694 123.418 141.833 96.7067 137.915 45.1263 73.3636 58.0166 83.8983 20.184 90.1709 33.4403 24.5763 35.824 15.347 89.0889 5.34541 13.582
internal_count=962230 757528 204702 299930 457598 136999 131339 320599 236701 158098 41169 123418 141832 96706 137914 45126 73363 58016 83898 20184 90170 33440 24576 35824 15347 89088 5345 13581
is_linear=0
shrinkage=0.05


Tree=4
num_leaves=29
num_cat=0
split_feature=3 3 9 13 46 34 6 0 46 13 47 46 84 1 12 47 95 84 34 87 84 6 16 13 55 41 3 10
split_gain=0.321668 0.0668691 0.0350415 0.0242461 0.0175636 0.0162803 0.012962 0.0124671 0.0119711 0.0102327 0.00885755 0.00883225 0.00894766 0.00871936 0.00799052 0.00690136 0.0068286 0.00584286 0.00466747 0.0034777 0.00275836 0.00268701 0.00229899 0.00227241 0.00212517 0.000713903 0.000600047 9.24499e-05
threshold=0.71938294172286998 -0.3119265735149383 0.21593914926052096 0.16040010750293734 23.108614921569828 23.340921401977543 -0.53700250387191761 -0.76928371191024769 23.107088088989261 0.22683047503232959 22.531523704528812 22.990837097167972 60.000000000000007 -0.4904287308454513 0.08352298662066461 22.543723106384281 0.07568227127194406 134.00000000000003 22.921236991882328 0.010362972505390646 34.500000000000007 -0.23520469665527341 0.26247057318687445 0.88150709867477428 0.051411751657724387 0.034204756841063506 -0.93130984902381886 0.1908381059765816
decision_type=2 2 2 2 2 2 2 2 2 2 2 2 2 2 2 2 2 2 2 2 2 2 2 2 2 2 2 2
left_child=1 4 6 14 7 16 22 25 13 -9 -8 12 23 -5 15 -3 -6 18 -13 -12 -10 -16 -2 -4 -14 -1 -7 -24
right_child=2 3 11 8 5 26 10 9 20 -11 19 17 24 -15 21 -17 -18 -19 -20 -21 -22 -23 27 -25 -26 -27 -28 -29
leaf_value=-0.00017137853457201239 -0.0029979580888024829 5.8868576013372741e-05 -0.00075383505087250067 0 0.0022187354357926111 0.00030045869410390063 0 0.00043130631911772102 0 0.0010980409355720645 -0.0015412192033450178 0 0.00092392527746547781 0.00076688448251563965 -0.00032807792160405622 -0.00087821693846575869 0 9.5734644208446721e-05 -0.0013558927466250084 0 -0.00076574159940597181 0.00032452188893644646 -0.00036154479847887513 0 0 0.0001525284523208359 -0.00010510531527299806 0
leaf_weight=32.649505023029633 51.933665088261478 10.925841307616791 12.411124705919066 45.68448862619698 42.260002007242292 4.2490002018166697 8.8708442128263396 168.05688374175224 6.0900002892594811 167.62192475958727 77.654003688367084 4.0890001942170846 14.218213875312356 96.633996520307846 17.322084901621565 93.367004434694536 1.7080000811256457 1.4840000704862166 23.767001128871925 5.4120002570562056 15.735000747372395 25.861201416119002 6.7890964125981546 3.0330381797393775 1.2240000581368793 12.872000611387191 9.3520004441961628 1.2020000570919362
leaf_count=32649 51933 10925 12411 45684 42260 4249 8870 168055 6090 167620 77654 4089 14218 96633 17322 93367 1708 1484 23767 5412 15735 25861 6789 3033 1224 12872 9352 1202
internal_value=0 0.00048664 -0.00167634 -5.93196e-05 0.000878211 0.00171826 -0.00207636 0.000697884 0.000331878 0.000800839 -0.0013191 -0.000444472 3.35393e-05 0.000518276 -0.000519906 -0.000739738 0.00210966 -0.000955388 -0.00115396 -0.00146417 -0.000507418 0 -0.00281185 -0.000526549 0.000777011 0 0 -0.000330356
internal_weight=962.477 750.389 212.088 311.62 438.769 57.569 151.862 381.2 164.143 335.679 91.9368 60.2264 30.8864 142.318 147.476 104.293 43.968 29.34 27.856 83.066 21.825 43.1833 59.9248 15.4442 15.4422 45.5215 13.601 7.9911
internal_count=962468 750382 212086 311617 438765 57569 151860 381196 164142 335675 91936 60226 30886 142317 147475 104292 43968 29340 27856 83066 21825 43183 59924 15444 15442 45521 13601 7991
is_linear=0
shrinkage=0.05


Tree=5
num_leaves=27
num_cat=0
split_feature=3 3 13 6 94 85 1 9 4 46 9 46 3 85 12 11 85 85 46 7 14 16 58 13 86 14
split_gain=0.290021 0.0624765 0.0289239 0.028763 0.0189122 0.0162071 0.0142423 0.0134549 0.010447 0.0102783 0.0100562 0.00997224 0.0069297 0.0055459 0.00502209 0.00489183 0.00429964 0.00428817 0.00546787 0.00373624 0.00370122 0.00313852 0.0016451 0.0011894 0.000281824 0.000140684
threshold=0.71938294172286998 -0.7498212158679961 0.16040010750293734 -0.62660959362983693 0.0011751470156013968 23.151345252990726 -0.40615184605121607 0.22265517711639407 -0.011195624247193335 23.032650947570804 0.80979833006858837 22.600239753723148 -0.30215795338153834 22.401794433593754 0.027218775823712352 0.96937051415443432 23.161663055419925 23.050909996032718 22.716186523437504 0.21394973993301394 2.1967531442642216 0.93719062209129345 -0.0088855293579399568 -0.032682092860341065 0.050770604982972152 -0.089539382606744752
decision_type=2 2 2 2 2 2 2 2 2 2 2 2 2 2 2 2 2 2 2 2 2 2 2 2 2 2
left_child=1 4 8 10 17 6 -4 13 12 -7 15 25 -3 -5 -10 21 23 18 -1 -15 -13 -2 -19 -9 -12 -6
right_child=3 2 5 7 11 9 -8 16 14 -11 24 20 -14 19 -16 -17 -18 22 -20 -21 -22 -23 -24 -25 -26 -27
leaf_value=2.1919515205342657e-05 -0.0027601244880080264 0 0 0 1.5658997573808144e-05 0.00048964644732754463 0.0008819225070112812 0 -0.00010789542176480305 -0.0008980323158486272 -0.00031743660392209347 0.0017099899780114146 -0.00077587568007281586 0 0.00055464908163368489 0 -0.00073576407985439141 -0.00029543685092162726 0.00092325623354697615 -0.0013955083554607417 0 0 0.00029452271191127621 0.00038547619320569411 0 -0.00015794218415819732
leaf_weight=36.892409072373994 62.897717657848261 49.170509811490774 70.81978309515398 5.0782324590254566 3.0824625801760703 8.6490014117443916 158.05673712969292 8.2650634517194721 67.137621769099496 24.431001160410233 5.0080272632185352 107.73500511713792 90.346665911842138 4.8470282565103835 30.383198628085665 2.3410151252755886 6.7770003218902266 14.085007675574163 70.937003369326703 85.037619616487063 1.9860000943299372 4.0600422322750083 13.178006631555034 21.229168165125884 6.3110403373138979 3.9704516120254985
leaf_count=36891 62897 49170 70819 5078 3082 8649 158055 8265 67137 24431 5008 107735 90346 4847 30383 2341 6777 14085 70937 85037 1986 4060 13178 21229 6311 3970
internal_value=-3.36036e-06 0.000455388 0.000113468 -0.00159907 0.0010835 0.000474115 0.000630985 -0.00095288 -0.00026791 -0.000389711 -0.00237455 0.00156395 -0.000536792 -0.00124186 8.44088e-05 -0.00259811 0 0.000554573 0.000685342 -0.00132643 0.0016728 -0.00266729 0 0.000205441 -0.000194649 0
internal_weight=962.713 750.861 498.995 211.852 251.866 261.957 228.877 131.234 237.038 33.08 80.6178 116.774 139.517 94.9629 97.5208 69.2988 36.2712 135.092 107.829 89.8846 109.721 66.9578 27.263 29.4942 11.3191 7.05291
internal_count=962704 750854 498990 211850 251864 261954 228874 131233 237036 33080 80617 116773 139516 94962 97520 69298 36271 135091 107828 89884 109721 66957 27263 29494 11319 7052
is_linear=0
shrinkage=0.05


Tree=6
num_leaves=29
num_cat=0
split_feature=3 3 9 13 47 34 1 6 85 85 12 13 9 47 47 47 31 86 13 56 86 16 4 16 9 86 56 85
split_gain=0.270046 0.0648101 0.0257217 0.0211437 0.0145388 0.0173841 0.0113466 0.0104716 0.00923603 0.0088969 0.00855725 0.0081895 0.00767354 0.00712655 0.00665083 0.00658578 0.00564283 0.00391724 0.00373361 0.00329969 0.00280359 0.00208552 0.00190131 0.00167111 0.00126565 0.00123879 0.00110812 3.01384e-06
threshold=0.77258488535881054 -0.3119265735149383 0.25761158764362341 0.16040010750293734 23.071579933166507 23.340921401977543 -0.55747121572494496 -0.551671802997589 23.151345252990726 23.151345252990726 0.12479515746235849 0.10740251094102861 1.0000000180025095e-35 22.536348342895511 22.534245491027836 22.936367034912113 1.0000000180025095e-35 0.050184743478894241 1.0112857818603518 1.0000000180025095e-35 0.087391149252653136 1.6993985176086428 -0.61550071835517872 0.5914941430091859 -1.9964289665222166 0.058240178972482688 -0.028442791663110253 22.410120964050297
decision_type=2 2 2 2 2 2 2 2 2 2 2 2 2 2 2 2 2 2 2 2 2 2 2 2 2 2 2 2
left_child=1 4 7 10 6 16 19 21 17 12 14 -8 -5 27 -3 -11 -6 23 -15 -1 -19 24 -12 -4 -2 -7 -10 -9
right_child=2 3 8 9 5 25 11 13 26 15 22 -13 -14 18 -16 -17 -18 20 -20 -21 -22 -23 -24 -25 -26 -27 -28 -29
leaf_value=-0.00034235983058754105 0 7.5107730610654778e-05 -0.00061796930790690961 3.5632652489292638e-05 0.0021000111333493369 0.00028994148922839162 0.00038770525445193447 2.4106810199261931e-05 0 0.00030644441085030311 -0.00023060801996629008 0.0010102732487178591 0.0008120652579107655 -0.0014447863303955499 -0.00085534894539125098 -0.00088062659266733038 0 0.00069462210035546113 0 0.00032025320580119537 0 0 0.00030876803049227424 0 -0.0027107613998025473 -0.00031946227158270209 -0.0013718693565858819 0
leaf_weight=27.431145438109525 1.5670000744285051 9.9138582755113003 14.983102807425896 85.459849852486514 41.572001974564046 7.1340003388468158 149.48470969719347 2.9652243511518446 1.1960000568069507 5.5460012643598047 17.133140945225023 177.50500730599742 61.871653549023904 73.543003493105061 101.27100481011439 17.498000831110403 1.7370000825030718 13.708123766584324 6.2050002947216845 27.654423709725961 10.648078578989951 1.5800271003972728 24.722115281270817 3.3490482041379428 54.55469524092041 6.2320002960041165 9.7550004633376357 6.4295888574561104
leaf_count=27431 1567 9913 14983 85459 41572 7134 149483 2965 1196 5546 17133 177503 61871 73543 101271 17498 1737 13708 6205 27654 10648 1580 24722 3349 54554 6232 9755 6429
internal_value=-2.53651e-07 0.000427409 -0.00159289 -9.56806e-05 0.000817675 0.00159615 0.000651682 -0.00193464 -0.000421737 0.000262311 -0.000516535 0.000760452 0.000424365 -0.00121865 -0.000731773 -0.000437341 0.00200043 0 -0.00135613 0 0.000359094 -0.00262353 0 -0.000435072 -0.0026695 0 -0.00128155 0
internal_weight=962.65 762.166 200.484 323.416 438.75 56.675 382.075 146.845 53.6394 170.376 153.04 326.99 147.332 89.1428 111.185 23.044 43.309 42.6884 79.748 55.0856 24.3562 57.7017 41.8553 18.3322 56.1217 13.366 10.951 9.39481
internal_count=962641 762159 200482 323413 438746 56675 382071 146843 53639 170374 153039 326986 147330 89142 111184 23044 43309 42688 79748 55085 24356 57701 41855 18332 56121 13366 10951 9394
is_linear=0
shrinkage=0.05


Tree=7
num_leaves=30
num_cat=0
split_feature=3 3 3 85 9 46 13 1 46 57 9 93 13 46 34 46 9 11 16 92 85 85 8 42 34 1 28 3 129
split_gain=0.251132 0.0561238 0.0271344 0.0231427 0.0247034 0.0189006 0.0148521 0.012477 0.0117151 0.00941383 0.00858306 0.00805417 0.00761313 0.00748002 0.00668286 0.0057538 0.00557428 0.00385813 0.00327144 0.00297252 0.00285564 0.00230223 0.0017487 0.0016684 0.00132754 0.000544299 0.000336419 0.000336308 0.000292299
threshold=0.7544861137866975 -0.5424770414829253 1.3946561217308047 23.075959205627445 1.0000000180025095e-35 23.102689743041996 0.74620601534843456 -1.110593259334564 23.032650947570804 0.035813257098197944 0.66509678959846508 -0.019202061928808686 0.14929188042879107 22.988387107849125 23.340921401977543 22.626383781433109 0.25006888806819921 1.2058672904968264 1.2617347240448 -0.096565544605255113 22.392932891845707 23.126788139343265 0.20359642803668979 0.011522088199853899 23.281225204467777 -1.2014838457107542 1.0000000180025095e-35 -0.93130984902381886 1.0000000180025095e-35
decision_type=2 2 2 2 2 2 2 2 2 2 2 2 2 2 2 2 2 2 2 2 2 2 2 2 2 2 2 2 2
left_child=1 5 6 4 7 9 16 -3 23 12 17 -10 -1 -6 18 -11 20 19 -7 -4 -2 -18 25 -5 -12 -8 -24 -16 -26
right_child=2 3 10 8 13 14 22 -9 11 15 24 -13 -14 -15 27 -17 21 -19 -20 -21 -22 -23 26 -25 28 -27 -28 -29 -30
leaf_value=1.9303811792341564e-05 0 -0.00090967462707018285 0 -4.8888946875039907e-05 0.001044054179814365 0.0021237902700745738 0 5.7129084874209604e-05 0 0 0 -0.0011720017726685149 0.00067075819366248192 3.7304955443708072e-05 0.00024709006280111771 0.0012240033921837043 9.9946640961932166e-05 0 0 -0.002389488091058347 -0.0013694780917621629 -0.00061113141335486856 0 0.00045988416839799632 -0.00060304648299260239 0.00056314959086326921 -0.00023283066264323266 0 0
leaf_weight=97.958520074258558 2.689137256355024 29.006328684743494 1.3040000619366754 9.4570114595117065 76.613253811607137 37.520001782104373 1.7670040876837436 182.51793147274293 10.046000477159394 4.89030952239409 6.4420833839103571 56.249002671684138 112.65762386913411 38.124001810792834 4.6580002212431282 78.366003722185269 16.205128889880147 1.5510080811800424 1.3030000618891779 83.91700892848894 54.304372926708311 4.9000002327375105 6.6760373518336547 12.220002582296727 7.4130273774499056 9.8170875479700062 6.0800293160136789 6.2470002967165765 1.4750200888374818
leaf_count=97957 2689 29006 1304 9457 76612 37520 1767 182516 10046 4890 6442 56249 112656 38124 4658 78366 16205 1551 1303 83916 54304 4900 6676 12220 7413 9817 6080 6247 1475
internal_value=-1.86762e-06 0.000415622 -0.00151926 8.19788e-06 0.000216318 0.000878536 -0.000748831 -8.79574e-05 -0.000655919 0.000655737 -0.00211189 -0.000963747 0.000405037 0.000779432 0.00178124 0.00112489 -0.00106326 -0.00231619 0.00205489 -0.00235657 -0.00130139 -4.77974e-05 0.000130285 0.000134716 -0.00030021 0.00047763 -3.6702e-05 5.08954e-05 -0.000544589
internal_weight=962.375 757.834 204.541 414.234 326.262 343.6 102.439 211.524 87.972 293.872 102.102 66.295 210.616 114.737 49.728 83.2563 78.0986 86.772 38.823 85.221 56.9935 21.1051 24.3402 21.677 15.3301 11.5841 12.7561 10.905 8.88805
internal_count=962366 757827 204539 414230 326258 343597 102438 211522 87972 293869 102101 66295 210613 114736 49728 83256 78098 86771 38823 85220 56993 21105 24340 21677 15330 11584 12756 10905 8888
is_linear=0
shrinkage=0.05


Tree=8
num_leaves=29
num_cat=0
split_feature=7 16 0 9 7 47 13 85 27 57 47 47 85 7 34 34 9 12 47 86 9 53 34 9 57 47 84 47
split_gain=0.167448 0.0638332 0.038286 0.0234184 0.0224934 0.0214825 0.0197254 0.012905 0.0205736 0.0127427 0.0106815 0.00716321 0.00714466 0.00477764 0.00452582 0.00417136 0.00239203 0.00216851 0.00215194 0.00184469 0.00181523 0.00122815 0.000932077 0.000760242 0.000551714 7.90426e-05 8.96659e-05 4.48513e-05
threshold=0.23883844166994098 -0.38757680356502527 -1.1840281486511228 1.0000000180025095e-35 -0.88078585267066944 22.543723106384281 0.21707591414451602 23.151345252990726 1.0000000180025095e-35 -0.024863919243216511 22.804565429687504 22.488543510437015 23.050909996032718 1.1148951053619387 23.047495841979984 22.337007522583011 0.0072386271785944709 0.20560713857412341 22.927532196044925 0.11997397989034654 -1.9033278822898863 0.022801453247666362 22.798241615295414 -1.9305360317230222 -0.073662586510181413 22.943497657775882 111.50000000000001 22.546482086181644
decision_type=2 2 2 2 2 2 2 2 2 2 2 2 2 2 2 2 2 2 2 2 2 2 2 2 2 2 2 2
left_child=2 3 16 11 5 24 14 8 10 -7 -3 -2 -8 18 -6 -10 21 22 -5 -15 -13 23 -9 -1 -4 27 -27 -18
right_child=1 7 4 13 6 9 12 17 15 -11 -12 20 -14 19 -16 -17 25 -19 -20 -21 -22 -23 -24 -25 -26 26 -28 -29
leaf_value=0 0 0.00088661265981745485 0 0.00020208954517356135 0.00015281744697885819 0.00024783469285269611 0.00083709316208874284 0 0 0.0015078793790214025 -2.2850878483922149e-05 0 1.2761470680658763e-06 -0.001077321815409651 -0.00032867742013224701 -0.00098065720075120647 0 0 -0.00043361403716228402 0 -0.0022953147598953078 0 -0.0013407017842686517 -0.00095938831549929209 -0.00030677338103253098 -0.00016084888125157334 0 7.7111859792454573e-05
leaf_weight=1.1100120639894147 2.077331409440375 46.712922081584111 1.4320000680163527 18.999233120237481 138.73659708152991 41.160001954995096 157.79401537822559 2.3250001104315805 17.677359175751917 119.33300566801336 50.857002415577881 4.7530242482898748 44.596002118196338 23.47915225697216 62.583214170648716 35.704294970957562 2.1901512457989183 6.6330093235010272 12.314000584883614 1.6190190947381768 82.489549429737963 1.5970000758534286 17.206000817241147 33.752350930823013 18.590620402130298 6.3020002993289372 1.0230000485898925 8.8570004206849244
leaf_count=1110 2077 46712 1432 18999 138735 41160 157792 2325 17677 119333 50857 4753 44596 23479 62583 35704 2190 6633 12314 1619 82489 1597 17206 33752 18589 6302 1023 8857
internal_value=0 -0.000913726 0.000465639 -0.00165894 0.000590391 0.00105725 0.000349042 -0.000217948 0 0.00124755 0.00040803 -0.00216337 0.000685196 -0.000579481 0 -0.000727281 -0.000672492 -0.00106672 0 -0.00098777 -0.00222807 -0.000871665 -0.00125581 -0.000924817 -0.000208997 0 -0.000106798 0
internal_weight=961.904 322.847 639.057 145.731 584.225 180.516 403.71 177.116 150.952 160.493 97.5699 89.3199 202.39 56.4114 201.32 53.3817 54.8315 26.164 31.3132 25.0982 87.2426 36.4594 19.531 34.8624 20.0226 18.3722 7.325 11.0472
internal_count=961895 322844 639051 145730 584220 180514 403706 177114 150950 160493 97569 89319 202388 56411 201318 53381 54831 26164 31313 25098 87242 36459 19531 34862 20021 18372 7325 11047
is_linear=0
shrinkage=0.05


Tree=9
num_leaves=28
num_cat=0
split_feature=16 5 26 34 47 47 84 85 86 48 86 47 41 47 84 11 47 83 5 87 47 16 48 85 92 55 86
split_gain=0.147916 0.0416394 0.0289048 0.0247799 0.0223075 0.0180712 0.0263693 0.0261544 0.012205 0.00959277 0.00958764 0.0093705 0.00933617 0.00791587 0.00538349 0.00458318 0.00331531 0.00457407 0.00262734 0.00234338 0.000974941 0.000930177 0.000115885 0.000258636 0.000115731 9.17862e-05 2.0781e-05
threshold=-0.70651447772979725 0.9258648455142976 1.0000000180025095e-35 23.239081382751468 22.927532196044925 22.916462898254398 55.500000000000007 22.999449729919437 0.045820180326700218 0.4139514565467835 0.037955233827233321 23.041521072387699 0.04233036749064923 23.107014656066898 48.500000000000007 0.22328463941812518 23.111733436584476 0.021776721812784675 1.13839328289032 0.0088121118023991602 23.015890121459964 -0.78000870347022999 0.50821512937545787 23.175788879394535 0.020203060470521454 -0.029873846098780629 0.068650227040052428
decision_type=2 2 2 2 2 2 2 2 2 2 2 2 2 2 2 2 2 2 2 2 2 2 2 2 2 2 2
left_child=2 3 11 5 10 6 -2 -7 -6 -4 -5 12 14 21 -1 18 17 -13 24 -20 -14 -11 23 -17 -3 -24 -18
right_child=1 15 9 4 8 7 -8 -9 -10 13 -12 16 20 -15 -16 22 26 -19 19 -21 -22 -23 25 -25 -26 -27 -28
leaf_value=-0.00040458734235228707 -7.760956013357278e-06 -0.00010737416899774779 0 -9.5875583260967084e-05 3.4860522561867572e-05 0.0016603411942375673 0.00084493569274852109 0.00036862098152329721 -0.0010162280849289813 -0.0023824998748976744 0.00096512937336844283 0 -0.0011478666595656432 0 0.00030077111029135897 0.00023688892423871671 0 -0.0017639124724556671 -0.00097569041359083213 0 0 -1.956182249896965e-05 0 0 0 -0.00011227274654077042 -6.3258012096064598e-05
leaf_weight=41.252412344329059 192.96025921369437 15.095141849364156 2.4230001150863236 21.271236230968498 32.543001545709558 81.709003880969249 143.83039907552302 104.04000494163483 53.302002531709149 52.502725171623752 39.065302137169056 1.5270000725286141 17.823000846547078 3.0040001426823428 46.035595743334852 6.6850213372381431 3.0100001429673275 19.271000915323384 54.773430002504028 4.1430882794084019 1.6600000788457681 4.9630582901881999 1.4530000690137974 1.0910000518197192 5.8920723474584511 8.2040844685398007 2.9830001416848972
leaf_count=41252 192957 15095 2423 21271 32543 81709 143828 104040 53302 52502 39065 1527 17823 3004 46035 6685 3010 19271 54773 4143 1660 4963 1453 1091 5892 8204 2983
internal_value=-1.38574e-06 0.00030995 -0.00119584 0.000455588 -8.63737e-05 0.000615367 0.000355839 0.00101817 -0.000603539 -0.00205789 0.000559542 -0.000640014 -0.000305269 -0.00217274 0 -0.000593258 -0.0013926 -0.00160805 -0.000740033 -0.000899852 -0.00107738 -0.00228568 0 0.000127663 0 0 0
internal_weight=962.513 766.058 196.455 668.721 146.182 522.54 336.791 185.749 85.845 62.8928 60.3365 133.562 106.771 60.4698 87.288 97.3368 26.791 20.798 79.9037 58.9165 19.483 57.4658 17.4331 7.77602 20.9872 9.65708 5.993
internal_count=962504 766051 196453 668715 146181 522534 336785 185749 85845 62892 60336 133561 106770 60469 87287 97336 26791 20798 79903 58916 19483 57465 17433 7776 20987 9657 5993
is_linear=0
shrinkage=0.05


Tree=10
num_leaves=28
num_cat=0
split_feature=3 3 6 46 9 13 46 94 58 47 27 46 47 47 31 13 46 84 84 2 87 92 47 42 13 42 47
split_gain=0.2042 0.0501176 0.0215223 0.0206077 0.0185148 0.0150513 0.0115474 0.0112742 0.00950974 0.0081344 0.00714202 0.00804735 0.00684755 0.00547992 0.00510586 0.00422913 0.0041364 0.00381729 0.00376371 0.00351773 0.00308964 0.00281231 0.00195541 0.0018338 0.00152001 0.00119184 0.000230759
threshold=0.8663892149925233 -0.56062388420104969 -0.87643000483512867 23.107088088989261 0.25761158764362341 0.1394901126623154 23.107088088989261 0.024458861909806732 -0.0088855293579399568 22.571290969848636 1.0000000180025095e-35 23.032650947570804 22.39427471160889 22.543723106384281 1.0000000180025095e-35 0.22683047503232959 22.988387107849125 60.000000000000007 134.00000000000003 0.092351436614990248 0.0089687905274331587 -0.030431316234171387 23.103005409240726 0.0010025065275840463 0.58489421010017406 0.023557788692414764 23.096223831176761
decision_type=2 2 2 2 2 2 2 2 2 2 2 2 2 2 2 2 2 2 2 2 2 2 2 2 2 2 2
left_child=1 3 10 7 12 13 -7 15 26 -9 11 -3 -2 -4 -10 -1 17 24 21 23 -21 -18 -12 -14 -6 -19 -5
right_child=4 2 5 8 16 6 -8 9 14 -11 22 -13 19 -15 -16 -17 18 25 -20 20 -22 -23 -24 -25 -26 -27 -28
leaf_value=0 0 0.00016627497210491046 0.00043004348146379013 0.0001703964452055708 -0.0006363869772695826 0.00062389670547309583 -0.00031927966195879637 -2.2914210860142892e-05 0.0021106246949082197 0.0011477795588481128 -0.0013310272903580653 -0.00083168961684379472 0 -0.00028424479799836429 0 0.00050901816417344564 0 0.0006628527189040781 8.6176028205147181e-06 -0.0009012007489824196 0 -0.0011089051626314683 0 -0.0021234366784476911 0 0 -0.00011722080948320339
leaf_weight=98.066317889722995 1.3200000626966346 37.463452201918699 18.418303096317686 3.1480001495219758 7.9410924635594728 164.74076847627293 25.71900122158695 7.4117430486949152 36.239001721260138 88.200004189275205 26.494216460268948 20.497000973555259 1.9570000929525111 149.5290071022464 1.4820000703912217 97.579272824339569 3.8540001830551835 10.61319468624424 1.1760000558570016 35.685363033902831 2.7040701941587022 18.964000900741667 1.4990000711986784 91.664033318986185 4.3460522552486509 1.5300000726710994 4.2020001995842904
leaf_count=98065 1320 37463 18417 3148 7941 164739 25719 7411 36239 88200 26494 20497 1957 149529 1482 97578 3854 10613 1176 35685 2704 18964 1499 91663 4346 1530 4202
internal_value=-1.11122e-05 0.000338854 -1.39147e-06 0.000789887 -0.00147967 0.000161483 0.000462017 0.00057081 0.00175409 0.00101611 -0.000678701 -0.000183519 -0.00178617 -0.000158048 0.00201219 0.000290051 -0.000388893 0 -0.000751085 -0.00182774 -0.000779201 -0.000933289 -0.00125422 -0.00209275 -0.00039435 0.000523884 0
internal_weight=962.444 780.689 444.361 336.328 181.755 358.407 190.46 291.257 45.071 95.6117 85.9537 57.9605 133.33 167.947 37.721 195.646 48.4243 24.4303 23.994 132.01 38.3894 22.818 27.9932 93.621 12.2871 12.1432 7.35
internal_count=962435 780682 444357 336325 181753 358404 190458 291254 45071 95611 85953 57960 133329 167946 37721 195643 48424 24430 23994 132009 38389 22818 27993 93620 12287 12143 7350
is_linear=0
shrinkage=0.05


Tree=11
num_leaves=30
num_cat=0
split_feature=7 16 0 7 7 47 27 85 13 86 57 86 34 13 4 34 41 10 1 47 10 46 38 57 54 84 0 47 13
split_gain=0.135617 0.0476235 0.0301202 0.0173175 0.0158674 0.0183197 0.0138559 0.0267653 0.0129594 0.0115937 0.0107764 0.0098999 0.0066706 0.00660155 0.00470574 0.00448217 0.00362116 0.00299941 0.00280616 0.0019132 0.00170644 0.00128561 0.00105402 0.000528958 8.82781e-05 9.95206e-05 6.21582e-05 1.25013e-05 5.06125e-06
threshold=0.16688717156648639 -0.38757680356502527 -0.98520335555076588 1.4598259925842287 -0.93259313702583302 22.543723106384281 1.0000000180025095e-35 23.002144813537601 0.21707591414451602 0.034288713708519943 -0.025766122154891487 0.073311846703290953 23.530426979064945 0.88150709867477428 1.0859121084213259 23.349207878112797 0.052830530330538757 0.24476530402898791 -0.61561203002929676 22.488543510437015 0.54132196307182323 23.122899055480961 0.017069763503968719 -0.077393133193254457 0.0060820369981229314 62.500000000000007 -2.0192534923553462 23.031388282775882 0.12856073677539828
decision_type=2 2 2 2 2 2 2 2 2 2 2 2 2 2 2 2 2 2 2 2 2 2 2 2 2 2 2 2 2
left_child=2 3 18 13 5 23 7 9 15 -3 -7 -9 -10 17 16 -6 -8 -2 20 -5 21 -1 -21 -4 25 -20 -26 -15 -16
right_child=1 6 4 19 8 10 14 11 12 -11 -12 -13 -14 27 28 -17 -18 -19 24 22 -22 -23 -24 -25 26 -27 -28 -29 -30
leaf_value=-0.00088746146688583629 -0.0011660455652826058 -2.756285979592542e-05 0 0 0.00017012940587656476 0.00017844357120657729 -0.0010602069242142389 0 0.00073752519464584051 0.0010373978547874043 0.0014428610202146031 -0.0012670012477472117 -5.3813377031775691e-06 3.5880415463742757e-05 0 -0.00039644175694779127 0 -9.4634344491659295e-05 -0.00015013602587981577 0 0 0 -0.0022765985878407586 -0.0003181131618429226 0 0 9.1156995579593774e-05 0 2.8530042763006836e-05
leaf_weight=29.828302699374035 64.248566580237821 28.237290612538345 1.1000000522471989 1.0941722134593863 165.3697324723471 34.692001647781581 46.197522682487033 23.699001125642098 176.79592119157314 51.043692071340047 103.74200492748059 24.651001170859672 20.241043000831269 14.27614281140268 8.8570915061281976 31.222052530851215 3.5160001670010379 21.058149139164016 10.681140638771472 1.0940460951533157 5.1130332738393909 3.3470001589739686 48.192311579128727 15.972332007368093 1.5560180908069003 8.0390734503744152 9.1010935195954499 3.9610001881374037 5.5450783366104579
leaf_count=29828 64248 28237 1100 1094 165368 34692 46197 23699 176794 51043 103742 24651 20241 14276 8857 31222 3516 21058 10681 1094 5113 3347 48192 15971 1556 8039 9101 3961 5545
internal_value=0 -0.000781954 0.000440396 -0.0014148 0.000567377 0.00100385 -0.000204206 7.14066e-05 0.00036196 0.000641488 0.00119305 -0.000727419 0.000640484 -0.000824722 -0.000755921 4.1112e-05 -0.000951971 -0.000991707 -0.000466099 -0.00220731 -0.000703348 -0.000807522 -0.00224562 -0.00021963 0 -8.6997e-05 1.26905e-05 0 0
internal_weight=962.472 345.671 616.801 153.924 549.135 155.506 191.747 127.631 393.629 79.281 138.434 48.35 197.037 103.544 64.1157 196.592 49.7135 85.3067 67.6657 50.3805 38.2883 33.1753 49.2864 17.0723 29.3773 18.7202 10.6571 18.2371 14.4022
internal_count=962463 345668 616795 153923 549130 155505 191745 127630 393625 79280 138434 48350 197035 103543 64115 196590 49713 85306 67665 50380 38288 33175 49286 17071 29377 18720 10657 18237 14402
is_linear=0
shrinkage=0.05


Tree=12
num_leaves=30
num_cat=0
split_feature=3 3 3 46 13 13 85 86 47 9 47 13 94 9 13 47 47 46 11 84 92 11 28 46 2 34 8 129 10
split_gain=0.178126 0.0362508 0.0308932 0.0177614 0.0170074 0.0139203 0.0116274 0.0116615 0.0103136 0.00873346 0.00806534 0.0075168 0.00645352 0.00626769 0.00604329 0.0051305 0.00468354 0.00430805 0.00417843 0.0041762 0.00368451 0.00321127 0.00264607 0.00241415 0.00149931 0.00121676 0.000982544 0.000327749 1.51029e-05
threshold=0.5560564696788789 -0.7498212158679961 1.4628192186355593 23.102689743041996 0.1394901126623154 0.74620601534843456 23.151345252990726 0.037165030837059028 22.539149284362797 0.13416564464569095 22.936367034912113 -0.032682092860341065 -0.0493701584637165 0.66509678959846508 -1.6153628826141355 22.543723106384281 22.63985633850098 23.019583702087406 1.2058672904968264 88.500000000000014 -0.039998007938265794 -1.6889693140983579 1.0000000180025095e-35 23.067288398742679 0.26323734223842626 23.289644241333011 1.0000000180025095e-35 1.0000000180025095e-35 -0.030332699418067929
decision_type=2 2 2 2 2 2 2 2 2 2 2 2 2 2 2 2 2 2 2 2 2 2 2 2 2 2 2 2 2
left_child=1 3 5 8 11 9 7 -6 24 15 -8 19 -5 18 -10 -2 -13 -11 20 -3 -4 -14 23 -7 -1 28 -24 -27 -15
right_child=2 4 13 12 6 22 10 -9 14 17 -12 16 21 25 -16 -17 -18 -19 -20 -21 -22 -23 26 -25 -26 27 -28 -29 -30
leaf_value=-0.0004374001664874748 0 0.00011476683137196347 -0.00021227302399199675 0 0 0.00073978429263032639 0.00046024514859527483 0.00080315232217860596 0 0.00025079490534987589 -0.00080061594666127928 0 0 0 0.00081531593177203978 -0.0012455679424749186 -0.00084854511588485263 -0.00059267999986671301 0 -0.00048842722858728782 -0.0022317133036574514 0.0021094424246863495 0 0 1.3569007164663814e-06 -0.00053519681702400188 -0.00037823392546066964 0 5.0716749194594994e-05
leaf_weight=13.677293862681838 9.0796440349658933 130.42936246725731 10.489000498200765 4.048000192269682 83.447036932455376 13.53313376766164 6.7730013226391774 131.91945862816647 18.426000875188038 21.943288311711513 23.87100113381166 14.038424063939599 1.6190000768983726 1.2110240800539029 170.26400808710605 72.047003422048874 45.055002139997669 15.159000720013863 1.4010080740554247 26.011083312449045 68.421931120217778 30.780001461971551 7.2870443874271613 5.8370002772426224 12.608016551821491 6.723024341859853 10.321049536229109 1.3530220849206669 4.6790582766989237
leaf_count=13676 9079 130428 10489 4048 83446 13533 6773 131918 18426 21943 23871 14038 1619 1211 170264 72047 45055 15159 1401 26011 68421 30780 7287 5837 12607 6723 10321 1353 4679
internal_value=-1.35542e-05 0.000384767 -0.00114209 0.000858365 0.000103443 -0.000595503 0.000387411 0.000526162 0.000595266 -0.000850286 -0.000354246 -0.000201315 0.00184028 -0.00185056 0.000725985 -0.00112076 -0.000635822 -4.03382e-05 -0.00202914 0 -0.00207359 0.0020225 0.000120265 0.000482723 -0.000146775 -0.000196862 -0.000127781 -0.000468686 0
internal_weight=962.452 712.967 249.485 251.422 461.544 155.207 246.01 215.366 214.975 118.229 30.644 215.534 36.447 94.2781 188.69 81.1266 59.0934 37.1023 80.3119 156.44 78.9109 32.399 36.9782 19.3701 26.2853 13.9661 17.6081 8.07605 5.89008
internal_count=962443 712960 249483 251420 461540 155206 246008 215364 214973 118228 30644 215532 36447 94277 188690 81126 59093 37102 80311 156439 78910 32399 36978 19370 26283 13966 17608 8076 5890
is_linear=0
shrinkage=0.05


Tree=13
num_leaves=29
num_cat=0
split_feature=3 3 26 9 47 4 94 3 57 47 34 85 47 86 47 34 28 92 34 92 84 86 34 84 47 82 47 47
split_gain=0.175091 0.0393237 0.0187631 0.0150339 0.0214838 0.0131916 0.0128211 0.0132755 0.0124789 0.00956832 0.00930577 0.00880803 0.0149105 0.00815756 0.00690972 0.00634281 0.00634156 0.00584884 0.00478216 0.0043747 0.00426199 0.00401952 0.00283351 0.00209604 0.00209006 0.00171743 0.00130815 0.000127573
threshold=0.82826736569404613 -0.29266554117202753 1.0000000180025095e-35 0.13416564464569095 22.927532196044925 0.17384470254182818 -0.00063493661582469929 -0.97578492760658253 -0.016999929212033745 22.679656982421879 23.386274337768558 23.050909996032718 22.918435096740726 0.073611106723546996 22.679656982421879 22.93284893035889 1.0000000180025095e-35 0.058499615639448173 23.073939323425297 -0.077468261122703538 48.500000000000007 0.081557855010032668 22.081529617309574 48.500000000000007 23.111733436584476 0.028211483731865886 23.048029899597172 22.526992797851566
decision_type=2 2 2 2 2 2 2 2 2 2 2 2 2 2 2 2 2 2 2 2 2 2 2 2 2 2 2 2
left_child=1 6 8 5 17 16 11 9 20 -8 -6 12 -1 -13 23 -16 -3 -5 -9 -4 26 -7 27 -10 -24 -22 -2 -21
right_child=2 3 19 4 10 21 7 18 14 -11 -12 13 -14 -15 15 -17 -18 -19 -20 22 25 -23 24 -25 -26 -27 -28 -29
leaf_value=8.9677879970898492e-05 -0.0006128808569957259 -3.8533432863126113e-05 0 0.001104655647233674 0.0001632407986081442 0.00043530165538789085 0.00014872504005924395 0.00066619982122314387 -0.00046073880029646845 0.0017746225881445515 -0.00096134290087892074 0.00020046545383015646 0.0010963427722199672 -0.00085726486695465026 0 -0.0015528554003558508 -0.00081243516962909714 0 0 0 0.00057173119116092684 -0.00022483339740059737 -0.0022682789453996374 0.00026842498474707616 0 0 0 -0.00015217567189371151
leaf_weight=122.70441508805379 15.482137863989921 55.51039600558579 2.1930001041619098 53.318809289252385 25.898001230088994 48.952368668746203 21.096488459268585 105.88729724148288 8.210235610604288 54.430002585286275 20.909000993124209 29.300010400125757 53.711002551135607 18.918000898556784 13.97500066377688 49.91200237069279 97.574883458903059 5.8620333094149819 39.815156035707332 2.0192493296926832 16.454201970249418 18.865127014345489 57.845636341837235 9.075356765300965 1.9820000941399474 5.1320002437569192 2.1320001012645653 4.6860202413517982
leaf_count=122702 15482 55510 2193 53318 25898 48952 21096 105886 8210 54430 20909 29300 53711 18918 13975 49912 97574 5862 39815 2019 16454 18865 57845 9075 1982 5132 2132 4686
internal_value=-1.43546e-05 0.00031738 -0.00134296 -8.54068e-05 0.000361908 -0.000328059 0.000619053 0.000896797 -0.000784031 0.00144942 -0.000331898 0.000297646 0.000465357 -0.000204612 -0.00110507 -0.00131934 -0.000582039 0.00095158 0.000503535 -0.00203446 0 0.000182121 -0.00209774 0 -0.00221906 0.000371261 -0.000477694 -3.55895e-05
internal_weight=961.852 772.753 189.099 326.891 105.988 220.903 445.862 221.229 120.373 75.5265 46.807 224.633 176.415 48.218 81.1726 63.887 153.085 59.1808 145.702 68.7259 39.2003 67.8175 66.5329 17.2856 59.8276 21.5862 17.6141 6.70527
internal_count=961843 772746 189097 326888 105987 220901 445858 221227 120372 75526 46807 224631 176413 48218 81172 63887 153084 59180 145701 68725 39200 67817 66532 17285 59827 21586 17614 6705
is_linear=0
shrinkage=0.05


Tree=14
num_leaves=30
num_cat=0
split_feature=3 3 6 4 34 47 84 9 85 46 92 9 46 6 129 85 84 34 3 16 15 38 11 85 8 58 38 84 129
split_gain=0.154961 0.0378243 0.0190865 0.015085 0.0140834 0.0327175 0.0193231 0.0126686 0.0121548 0.00697219 0.00684702 0.00638006 0.00622929 0.00494792 0.00489535 0.00462742 0.00999863 0.00441986 0.00431942 0.00336873 0.00284015 0.00264844 0.0020263 0.000914376 0.000671786 0.000835525 0.0007156 0.000315885 0.000298811
threshold=0.8663892149925233 -0.21266135573387143 -0.62660959362983693 0.14963351190090182 23.093161582946781 22.916462898254398 55.500000000000007 0.09176992624998094 23.018449783325199 22.909300804138187 -0.029340291395783421 0.66509678959846508 23.025553703308109 -0.17760964483022687 1.0000000180025095e-35 22.982356071472172 82.500000000000014 23.603083610534672 1.3946561217308047 0.93719062209129345 -1.060280919075012 0.026630781590938572 0.94781771302223217 23.048023223876957 0.20359642803668979 0.017035375349223617 0.021107750013470653 93.500000000000014 1.0000000180025095e-35
decision_type=2 2 2 2 2 2 2 2 2 2 2 2 2 2 2 2 2 2 2 2 2 2 2 2 2 2 2 2 2
left_child=1 4 11 7 5 6 -1 13 -7 20 24 19 -9 -3 18 21 -17 -11 -12 22 -5 -6 -2 -16 25 -4 -26 28 -13
right_child=2 3 10 9 15 8 -8 12 -10 17 14 27 -14 -15 23 16 -18 -19 -20 -21 -22 -23 -24 -25 26 -27 -28 -29 -30
leaf_value=-3.4475332924219664e-05 -0.0023060388620077588 -0.00097127822341074488 0.00038478799334313229 0 0.0006023872865013332 0.0018439336164265908 0.00082850037175353315 0.00049346184850776497 0.00056154893329910405 0.000175592837409321 -0.00028634563817037708 -0.00032497194885177923 -0.00032364988203393733 -0.00021915506262625809 0.00034145363184436527 0.00010773212751660211 -0.0010545698813111211 -0.00068148091267377254 -0.0013727284274466329 0 0.00084184806082569926 0 0 -0.00020141435811774164 0 0 -0.0003626308775016639 0 0
leaf_weight=139.39441087609157 53.374669160461053 64.406482508871704 10.084005483658986 6.483104405575431 32.869411946157925 65.356003104243428 95.825754192657769 41.730513461865485 60.341002866043709 39.112001857720315 36.425368073745631 8.3890474425861576 27.160001290030777 73.045615043141879 5.2310723160626358 49.262010347330943 14.356000681873409 10.537000500480643 41.593577515450306 3.6250412106746799 41.556695624487475 19.262000914895907 1.6870030829450104 2.5750001223059371 2.0390091052977359 3.8880001846700898 9.647000458207911 1.4080060725100327 1.5630230958340696
leaf_count=139392 53374 64406 10084 6483 32869 65356 95824 41730 60341 39112 36425 8389 27160 73045 5231 49262 14356 10537 41593 3625 41556 19262 1687 2575 2039 3888 9647 1408 1563
internal_value=-1.41689e-05 0.000289912 -0.00129488 -0.000130579 0.000565558 0.000717081 0.00031615 -0.000378885 0.00135192 0.000333955 -0.000707879 -0.00196151 0.000107747 -0.00064746 -0.000902163 3.38828e-05 -0.000194255 -6.2341e-06 -0.00101248 -0.0021703 0.000712186 0.000379219 -0.00225878 0 0 0.000192126 -0.000191419 -0.000137743 -0.000244729
internal_weight=962.228 780.698 181.53 304.031 476.667 360.917 235.22 206.343 125.697 97.6888 111.483 70.0468 68.8905 137.452 85.825 115.749 63.618 49.649 78.0189 58.6867 48.0398 52.1314 55.0617 7.80607 25.658 13.972 11.686 11.3601 9.95207
internal_count=962219 780691 181528 304029 476662 360913 235216 206341 125697 97688 111482 70046 68890 137451 85824 115749 63618 49649 78018 58686 48039 52131 55061 7806 25658 13972 11686 11360 9952
is_linear=0
shrinkage=0.05


Tree=15
num_leaves=28
num_cat=0
split_feature=3 3 13 9 3 46 85 27 16 34 46 85 57 11 4 46 58 46 85 11 46 86 86 12 56 85 34
split_gain=0.139906 0.0424397 0.0176824 0.0128189 0.0127589 0.0116833 0.0100985 0.0134581 0.00868705 0.00831593 0.0176452 0.00840523 0.00804724 0.00604939 0.00590529 0.00572847 0.00349622 0.00428855 0.00296366 0.00186316 0.00159358 0.00131796 0.000986427 0.000603987 0.000339323 0.000222003 5.26483e-05
threshold=1.056057393550873 -0.20274166017770764 0.16040010750293734 0.66509678959846508 -1.061444044113159 22.673187255859379 23.151345252990726 1.0000000180025095e-35 0.16747710853815082 23.021440505981449 22.88267803192139 22.982356071472172 -0.031178707256913182 0.12512354552745822 0.23490613698959353 23.032650947570804 -0.022158540785312649 22.590657234191898 23.146211624145511 1.5792199373245241 22.451210975646976 0.042358102276921279 0.09049647301435472 -0.095335897058248506 0.0080924560315907019 22.540195465087894 23.256093978881839
decision_type=2 2 2 2 2 2 2 2 2 2 2 2 2 2 2 2 2 2 2 2 2 2 2 2 2 2 2
left_child=1 4 13 8 5 25 7 -4 19 10 -6 -11 -7 14 -3 -8 24 -18 21 20 -2 26 -23 -15 -10 -1 -5
right_child=3 2 6 18 9 12 15 -9 16 11 -12 -13 -14 23 -16 -17 17 -19 -20 -21 -22 22 -24 -25 -26 -27 -28
leaf_value=-0.0001165894273335254 0 -0.00088846050506657395 0.00061615902716251759 0 8.0429574565953882e-05 1.6186849007849017e-05 9.2433219471727454e-05 -0.00032791175904367493 0.00022964326610982536 0.00042252031927946681 0.00095746882093939063 -0.00037823343826701877 0.0014470191917299962 -0.00011282054536745589 -9.8071341811579173e-06 -0.00097506273319662457 3.932891908172548e-05 -0.00093307691392336941 -0.00065594290825625359 0 -0.0018741730151369557 0.00062116930985110265 0 0.00020997813428340302 0 0.00011160859615161004 -0.00010150753160682077
leaf_weight=13.121687267324889 1.0370000492548559 90.445681931567378 111.71503026760183 3.9950692545389819 137.15127357887104 19.511000926722772 6.8650043298257541 39.599445296800695 6.1710973841836658 52.314503955189139 113.23900537856389 59.12100581091363 76.369003627332859 11.302073605358602 38.585286099347286 17.302000821800902 2.5982713778503266 21.948001042474061 5.4970002610934889 1.2280030611436803 90.103015227941796 6.8840954161714745 3.5580001689959317 18.097116968478076 2.4900001182686538 9.3241786099970323 2.7740281580481678
leaf_count=13121 1037 90445 111714 3995 137148 19511 6865 39599 6171 52314 113239 59121 76369 11302 38585 17302 2598 21948 5497 1228 90102 6884 3558 18097 2490 9324 2774
internal_value=-4.78696e-06 0.000251657 -0.000167347 -0.00137119 0.000550716 0.00101239 0.000154567 0.000333086 -0.00155928 0.000363122 0.00051781 0 0.00123211 -0.000541602 -0.000681276 -0.000587183 -0.000440318 -0.000703823 -1.94513e-05 -0.00183041 -0.00185395 0.000166436 0.000445035 0 1.55136e-05 0 0
internal_weight=962.347 814.063 333.912 148.284 480.152 118.326 175.481 151.314 125.575 361.826 250.39 111.436 95.88 158.43 129.031 24.167 33.2074 24.5463 22.7082 92.368 91.14 17.2112 10.4421 29.3992 8.6611 22.4459 6.7691
internal_count=962338 814056 333909 148282 480147 118325 175480 151313 125574 361822 250387 111435 95880 158429 129030 24167 33207 24546 22708 92367 91139 17211 10442 29399 8661 22445 6769
is_linear=0
shrinkage=0.05


Tree=16
num_leaves=29
num_cat=0
split_feature=3 6 3 6 13 47 92 27 46 120 82 8 30 9 9 3 129 16 47 3 42 42 46 41 47 46 93 47
split_gain=0.129388 0.0349406 0.0182408 0.0150379 0.0121815 0.0111976 0.00774834 0.0071594 0.00631206 0.00611772 0.00558705 0.00553044 0.00549228 0.00450116 0.00378069 0.00362846 0.00285005 0.00248657 0.00176229 0.00175772 0.00116405 0.000702623 0.000595408 0.000433685 0.000335567 0.00024033 0.000121063 7.01592e-05
threshold=0.9470195770263673 -0.85596540570259083 -1.061444044113159 -0.62660959362983693 0.21707591414451602 22.539149284362797 -0.029829317703843113 1.0000000180025095e-35 23.032650947570804 1.0000000180025095e-35 0.027522218413650993 -0.63532322645187367 1.0000000180025095e-35 0.69571858644485485 1.6214107871055605 -0.36056046187877649 1.0000000180025095e-35 0.26247057318687445 23.106084823608402 -0.58765876293182362 0.0010025065275840463 0.0080040041357278841 23.105264663696293 0.047533521428704269 22.543723106384281 22.968789100646976 0.0056346950586885223 22.936367034912113
decision_type=2 2 2 2 2 2 2 2 2 2 2 2 2 2 2 2 2 2 2 2 2 2 2 2 2 2 2 2
left_child=1 7 5 14 12 26 21 8 10 -6 -1 -7 -4 16 17 25 -8 20 -17 -10 -2 22 -5 -23 -19 -9 -3 -15
right_child=3 2 4 6 9 11 13 15 19 -11 -12 -13 -14 27 -16 18 -18 24 -20 -21 -22 23 -24 -25 -26 -27 -28 -29
leaf_value=0.00054578589584800647 0 -0.00017535063086116494 0.00011455940976559201 0.00037874515418878825 0.00054236149909259884 0.00026359610005137035 -0.0011032430706904692 -0.00018868124793268621 0 -0.00024452590544398096 -0.00035163936306652948 0.0013834786972925616 -0.00046316385213632022 8.5791281667967046e-05 0 -0.0013398894134003605 0 0 0 -0.00077583641395576584 -0.0021221447555276767 -0.00026041123323501306 0 0 -0.00023397298704406867 1.6854012497314159e-05 0 -5.9631883223298011e-05
leaf_weight=32.424541046144441 1.1950000567594532 8.8007090827450138 246.70842097792774 11.200013544177638 272.32064840663224 33.580001594964415 61.512784654973075 6.7531094230944273 3.4350001631537479 12.299129705294034 14.12902369268704 70.776003361679614 38.365198006271385 6.7581314439885301 5.0360442805103949 24.851193360635083 5.8970513279782599 1.0320901335217048 1.2450000591343258 22.213001055060886 51.390597999561578 8.9960024291649443 1.1380000540520985 1.7170000815531228 6.4570003066910431 5.5010002612834796 2.5721382517367593 4.6390002203406766
leaf_count=32424 1195 8800 246706 11200 272318 33580 61512 6753 3435 12299 14129 70776 38365 6758 5036 24851 5897 1032 1245 22213 51390 8996 1138 1717 6457 5501 2572 4639
internal_value=-5.27494e-06 0.000258467 0.000396144 -0.0012344 0.000258196 0.000960902 -0.000663831 -0.000515712 -0.000102802 0.000484242 0.000170988 0.00112141 6.80289e-06 -0.000879304 -0.0018532 -0.00100764 -0.00101606 -0.00195347 -0.00126938 -0.000648577 -0.0020907 0 0.000263636 -9.92371e-05 -5.95376e-05 0 -0.000113519 0
internal_weight=962.943 795.974 685.422 166.969 569.693 115.729 101.858 110.552 72.2016 284.62 46.5536 104.356 285.074 78.807 65.1107 38.3503 67.4098 60.0747 26.0962 25.648 52.5856 23.051 12.338 10.713 7.48909 12.2541 11.3728 11.3971
internal_count=962934 795967 685416 166967 569688 115728 101857 110551 72201 284617 46553 104356 285071 78806 65110 38350 67409 60074 26096 25648 52585 23051 12338 10713 7489 12254 11372 11397
is_linear=0
shrinkage=0.05


Tree=17
num_leaves=28
num_cat=0
split_feature=3 1 3 26 13 58 47 47 11 47 30 94 92 47 84 56 3 84 13 47 8 46 38 47 47 55 47
split_gain=0.128338 0.0341379 0.0182388 0.015423 0.012856 0.0092097 0.00901258 0.00849417 0.00844253 0.00694594 0.00642824 0.00636941 0.00477333 0.00374097 0.00531419 0.00350956 0.00349623 0.00349417 0.00225458 0.00200722 0.00189639 0.00172868 0.00171934 0.00108997 0.000979842 0.000654813 0.00028832
threshold=0.98879882693290722 -0.82468563318252552 -0.63080090284347523 1.0000000180025095e-35 0.32209165394306188 -0.0088855293579399568 23.071579933166507 23.071579933166507 0.20495600998401645 23.111733436584476 1.0000000180025095e-35 0.015672342851758007 -0.081907670944929109 23.065099716186527 31.500000000000004 -0.0080302990972995741 0.11376590281724931 43.500000000000007 1.0345810651779177 22.488543510437015 -0.61082202196121205 23.032650947570804 0.024521378800272945 23.088414192199711 23.048029899597172 0.045017361640930183 23.111733436584476
decision_type=2 2 2 2 2 2 2 2 2 2 2 2 2 2 2 2 2 2 2 2 2 2 2 2 2 2 2
left_child=1 8 6 5 10 17 11 -6 15 -8 -4 -3 -5 20 -15 23 -17 24 19 -14 -7 25 -19 -1 -2 -10 -23
right_child=3 2 4 12 7 13 9 -9 21 -11 -12 -13 18 14 -16 16 -18 22 -20 -21 -22 26 -24 -25 -26 -27 -28
leaf_value=-0.0012245518094463727 -0.00055766466740906728 0.00024935768872072137 2.3063819713031247e-06 0 0.00059534696031591366 0 0.0018309251677564317 -0.00022004292891137034 0.00050156462098206907 0 -0.00068661357122492466 0.00085502003724416235 0 0 -0.0020086158969961085 0 -0.00060596464200321368 0.00067548354446925272 0 -0.002131195342512195 -0.00058893489445780529 -0.00021399819727300595 0 0 0 0 0
leaf_weight=27.322068360634152 10.524159649154173 159.04704146215227 188.47364248428494 1.6190000768983726 156.25462193612475 8.0960564371198398 24.027001141221263 23.9730011386564 15.217263969709171 12.711000603740102 28.098134459462017 92.036773092579097 3.4022914348170152 3.257000154699198 10.179000483476555 32.203403907013126 30.768277720548213 9.9452176761114988 2.9440311689395449 51.427509918692522 48.697408694191836 9.1290004336042312 7.4340003530960521 1.7290000821230922 1.897000090102664 1.7570000834530208 1.2180000578518946
leaf_count=27322 10524 159045 188472 1619 156253 8096 24027 23973 15217 12711 28098 92036 3402 3257 10179 32203 30768 9945 2944 51427 48697 9129 7434 1729 1897 1757 1218
internal_value=-3.66857e-06 0.000251855 0.000392197 -0.00126059 0.000149466 -0.000683273 0.000693789 0.000454738 -0.000482643 0.00143842 -9.13659e-05 0.000514764 -0.00192227 -0.000962939 -0.00170498 -0.000704917 -0.000292174 0 -0.00198984 -0.00205578 -0.000483553 0.000120324 0.000418804 -0.00116763 -0.000418836 0.000417723 -8.73414e-05
internal_weight=963.388 803.965 684.621 159.423 396.799 100.03 287.822 180.228 119.344 36.738 216.572 251.084 59.3928 70.2295 13.436 92.0228 62.9717 29.8004 57.7738 54.8298 56.7935 27.3213 17.3792 29.0511 12.4212 16.9743 10.347
internal_count=963379 803958 684615 159421 396796 100029 287819 180226 119343 36738 216570 251081 59392 70229 13436 92022 62971 29800 57773 54829 56793 27321 17379 29051 12421 16974 10347
is_linear=0
shrinkage=0.05


Tree=18
num_leaves=30
num_cat=0
split_feature=3 3 27 46 84 34 6 47 85 84 92 13 129 57 84 34 9 47 111 34 8 38 57 4 94 94 27 34 47
split_gain=0.115868 0.0344149 0.0163787 0.0314592 0.0148347 0.0126514 0.0118101 0.0112493 0.0178462 0.0141913 0.00982933 0.0091196 0.00842649 0.00616221 0.00515554 0.00335355 0.00330517 0.00293269 0.00250651 0.00211787 0.00170589 0.00160614 0.000602718 0.000516626 0.00038363 0.000350357 0.000299084 0.000278806 0.000262089
threshold=1.1295315623283388 -0.24267899990081784 1.0000000180025095e-35 23.000936508178714 55.500000000000007 23.395300865173343 -0.17760964483022687 23.071579933166507 23.050909996032718 69.500000000000014 -0.029829317703843113 0.21707591414451602 1.0000000180025095e-35 0.03327190317213536 55.500000000000007 22.503410339355472 0.76970821619033825 23.103005409240726 1.0000000180025095e-35 23.323904991149906 0.21361866593360904 0.019396674819290641 -0.081262823194265352 0.011362143792212011 0.048795474693179137 0.023592103272676471 1.0000000180025095e-35 22.699259757995609 23.071579933166507
decision_type=2 2 2 2 2 2 2 2 2 2 2 2 2 2 2 2 2 2 2 2 2 2 2 2 2 2 2 2 2
left_child=1 7 3 4 -3 -5 17 11 19 -10 20 13 16 -1 -13 -8 18 -4 -12 -9 25 -22 -23 -18 28 26 -2 -26 -14
right_child=10 2 6 5 -6 -7 15 8 9 -11 12 14 24 -15 -16 -17 23 -19 -20 -21 21 22 -24 -25 27 -27 -28 -29 -30
leaf_value=-8.0237165588618444e-05 0.00032429649660513219 0 -0.0012219382284680174 0 0.0010338154601499884 -0.0011164182860074598 0.00021278826485449944 0.0022885560941199503 0.00095800918413181451 -0.00053567919503245097 -0.0018159487538245936 0.00024749528673041581 0.00022680687852895303 0.00046879645072273415 0.00087069083773177883 -0.0003804089512904294 -0.00034186900727797126 0 0 0 0 0 -0.00071442538291054862 0 0 0 0 -0.00033145640131404102 0
leaf_weight=139.67303453630302 5.8990012811264041 70.623922216356732 46.831426622462459 63.579003019840457 68.493788990308531 41.821001986390911 28.347481797100045 15.791000750032255 22.886001087026671 17.765000843792222 85.375134115107358 109.75723536708392 5.0780883238185179 61.625214125146158 94.386069482075982 38.430179992457852 7.88608545437455 2.5380001205485305 1.1380060596857209 3.6910001753130919 1.3040110722649831 2.107000100077129 10.276000488083808 5.4880433010403067 1.0060350806452332 2.0200000959448507 3.9930031924741343 3.9780612462200224 1.0280000488273797
leaf_count=139671 5899 70623 46831 63579 68493 41821 28347 15791 22886 17765 85374 109756 5078 61625 94385 38430 7886 2538 1138 3691 1304 2107 10276 5488 1006 2020 3993 3978 1028
internal_value=-1.98075e-05 0.000202512 -0.000151717 6.62815e-05 0.000560253 -0.000534435 -0.000619166 0.000484856 0.00111915 0.000229649 -0.00132093 0.000354071 -0.00152058 7.84119e-05 0.000586184 -6.85535e-05 -0.00165445 -0.00114272 -0.00178714 0.00209814 -0.000130962 -0.000451414 -0.000628521 -0.00018487 0 4.70306e-05 0.000215566 -0.00023658 8.64658e-05
internal_weight=962.816 826.239 360.665 244.518 139.118 105.4 116.147 465.575 60.133 40.651 136.576 405.442 110.977 201.298 204.143 66.7777 99.8873 49.3694 86.5131 19.482 25.599 13.687 12.383 13.3741 11.0902 11.912 9.892 4.9841 6.10609
internal_count=962807 826232 360662 244516 139116 105400 116146 465570 60133 40651 136575 405437 110976 201296 204141 66777 99886 49369 86512 19482 25599 13687 12383 13374 11090 11912 9892 4984 6106
is_linear=0
shrinkage=0.05


Tree=19
num_leaves=28
num_cat=0
split_feature=3 3 26 85 46 85 86 47 86 47 38 58 42 94 47 86 57 86 47 46 13 16 47 85 47 47 34
split_gain=0.107403 0.0222017 0.0203775 0.0197225 0.015291 0.0152328 0.0250419 0.0285192 0.017669 0.00937367 0.0087997 0.00789737 0.00762611 0.00703791 0.00641466 0.00571453 0.00539362 0.00474843 0.00447959 0.0043147 0.00402994 0.00337315 0.00320317 0.00250688 0.00246443 0.000116076 2.44273e-05
threshold=0.57121482491493236 -0.82689923048019398 1.0000000180025095e-35 23.151345252990726 23.102689743041996 23.050909996032718 0.073611106723546996 22.927532196044925 0.050770604982972152 22.936367034912113 0.02514341659843922 -0.0088855293579399568 0.015591093339025976 0.024458861909806732 22.679656982421879 0.034895371645689018 -0.027014273218810555 0.017200033180415634 22.39427471160889 22.626383781433109 0.99571949243545543 1.0951001644134524 23.111733436584476 22.987627029418949 22.936367034912113 23.096223831176761 22.910196304321293
decision_type=2 2 2 2 2 2 2 2 2 2 2 2 2 2 2 2 2 2 2 2 2 2 2 2 2 2 2
left_child=1 4 3 12 13 8 16 -8 9 -3 -10 25 15 23 -14 -2 -7 -5 -4 -15 22 -13 -20 -1 -19 -6 -22
right_child=2 5 18 17 11 6 7 -9 10 -11 -12 21 14 19 -16 -17 -18 24 20 -21 26 -23 -24 -25 -26 -27 -28
leaf_value=0.00028307313079295422 -0.000361855632374108 -0.00026423098429421841 0 0 8.0854306953909388e-05 -0.00031811300349541638 0.00072577202137347522 -0.0015900401138963993 0.00091083289031279938 0.00047084424248329288 0.00012463325409102646 0.0020190733205671016 0 0 -0.0011024096495160021 0.00035408503872233661 0.00048791377629375842 0 -0.0017001306543971328 0.00098152216463034286 0 0 0 -0.00013994865508478181 -0.0018554539761765122 -0.00012726890962862962 -7.1495458480701706e-05
leaf_weight=98.462541117914952 29.830305702285841 152.15665771323256 1.1140000529121596 2.2590001072967452 2.8140001336578306 15.505002738325855 7.7780003694351754 44.710002123611048 97.250106590799987 47.203002242022194 83.983003988978453 24.45700116164517 13.861000658362171 4.7093665673164642 20.161000957596116 66.924837961792946 51.064012434799224 6.9230003288248581 76.564000571728684 56.195002669119276 3.8590452255448318 1.210000057471915 2.3780001129489383 26.545015273964964 19.828000941779464 2.7440001303330064 1.9470010934164745
leaf_count=98461 29830 152154 1114 2259 2814 15505 7778 44710 97248 47203 83983 24457 13861 4709 20161 66924 51064 6923 76563 56195 3859 1210 2378 26545 19828 2744 1947
internal_value=-1.47032e-05 0.000290319 -0.000900834 -0.00046982 0.00070407 9.04139e-05 -0.00036734 -0.00110563 0.000252148 -5.21261e-05 0.000598225 0.00165043 -0.000122905 0.000443472 -0.00068437 7.32996e-05 0.000217849 -0.00147314 -0.0015181 0.000864447 -0.00156522 0.00192404 -0.00165019 0.000152498 -0.00162066 0 0
internal_weight=962.436 716.787 245.649 159.787 217.137 499.65 119.057 52.488 380.593 199.36 181.233 31.225 130.777 185.912 34.022 96.7551 66.569 29.01 85.862 60.9044 84.748 25.667 78.942 125.008 26.751 5.558 5.80605
internal_count=962427 716780 245647 159786 217135 499645 119057 52488 380588 199357 181231 31225 130776 185910 34022 96754 66569 29010 85861 60904 84747 25667 78941 125006 26751 5558 5806
is_linear=0
shrinkage=0.05


Tree=20
num_leaves=29
num_cat=0
split_feature=3 6 0 13 13 3 57 34 16 11 129 12 1 12 84 92 28 85 85 34 28 3 86 39 0 57 3 84
split_gain=0.0948878 0.0242375 0.0225049 0.0130021 0.00909533 0.00862348 0.00756248 0.00683568 0.00666561 0.00515625 0.00478356 0.00395912 0.00335903 0.00333154 0.00326252 0.00322679 0.00225503 0.00204731 0.00188156 0.00165058 0.00134409 0.00111405 0.000496095 0.000375418 0.00035435 0.000285597 0.000282245 0.000240398
threshold=0.57121482491493236 -0.58192691206932057 -0.80747550725936879 0.21707591414451602 0.41419364511966711 -0.3703105747699737 0.0015197654138319196 23.20117282867432 -0.54777228832244862 0.99408611655235302 1.0000000180025095e-35 0.097457658499479308 -0.45394138991832728 0.054692661389708526 134.00000000000003 -0.029829317703843113 1.0000000180025095e-35 23.151345252990726 22.893018722534183 22.859693527221683 1.0000000180025095e-35 -0.9221544861793517 0.085230194032192244 -0.016764027066528794 -1.123792767524719 0.049358602613210685 1.0792008042335512 35.500000000000007
decision_type=2 2 2 2 2 2 2 2 2 2 2 2 2 2 2 2 2 2 2 2 2 2 2 2 2 2 2 2
left_child=2 9 12 5 11 6 -4 8 -5 10 14 15 20 -7 -2 -3 17 -6 -9 -18 27 -22 -12 24 -14 -25 -13 -1
right_child=1 4 3 7 16 13 -8 18 -10 -11 22 26 23 -15 -16 -17 19 -19 -20 -21 21 -23 -24 25 -26 -27 -28 -29
leaf_value=0 -0.0017008177758044514 0 0 0 0.00055119374380186228 -0.0003507317530399653 0.00062902866510585495 0.00039043609742466651 0.0008405221022757429 0 4.403630043636449e-05 5.6541713540930781e-05 -0.00023652560027038084 0.00011978676322845058 0 -0.0010113787461215422 2.0121752223994695e-05 0 -2.4349497654933044e-05 -0.00043224443567673517 0 -0.00083116674523936191 -0.00028676504793248981 0.00023692277804617174 0 0 -0.00016279587297635692 -0.00015279647199769984
leaf_weight=9.0220464717131126 78.905749447294511 15.257011734996921 89.246974148787558 27.92432563053444 22.786237303866077 82.723661546013318 95.52779327717144 24.772264423547313 206.97934201860335 4.4780352455563834 4.4081673661712539 10.810066575417297 14.034044707892461 36.312274981057271 1.3290000631241117 51.885557985515334 14.898185881320389 5.0840002414770415 47.105002237367444 16.759059851407073 3.7130221970146513 32.628265797626227 4.7420002252329141 11.268343857256694 14.763050748151729 4.314000204904004 14.114130792440845 16.474195965565741
leaf_count=9022 78905 15257 89246 27924 22786 82723 95527 24772 206977 4478 4408 10810 14034 36312 1329 51885 14898 5084 47105 16759 3713 32628 4742 11268 14763 4314 14114 16474
internal_value=-2.0508e-05 -0.000853916 0.000265819 0.000386478 -0.000374694 0.000126629 0.000342503 0.000615908 0.000746914 -0.00146915 -0.00154446 -0.000666477 -0.000358343 -0.00017029 -0.00166126 -0.000846175 3.56232e-05 0.000357596 8.77639e-05 -0.000145604 -0.000569767 -0.000758542 0 0 -0.000108733 0.000136957 0 -2.19426e-05
internal_weight=962.266 245.457 716.809 610.592 151.594 303.811 184.775 306.781 234.904 93.863 89.3849 92.0668 106.217 119.036 80.2347 67.1426 59.5275 27.8702 71.8773 31.6572 61.8375 36.3413 9.15017 44.3794 28.7971 15.5823 24.9242 25.4962
internal_count=962257 245455 716802 610586 151593 303808 184773 306778 234901 93862 89384 92066 106216 119035 80234 67142 59527 27870 71877 31657 61837 36341 9150 44379 28797 15582 24924 25496
is_linear=0
shrinkage=0.05


end of trees

feature_importances:
Column_47=80
Column_3=53
Column_46=41
Column_85=41
Column_86=35
Column_13=33
Column_34=30
Column_9=29
Column_84=25
Column_16=16
Column_57=14
Column_6=13
Column_92=13
Column_11=11
Column_94=10
Column_4=9
Column_42=9
Column_58=9
Column_1=8
Column_129=8
Column_7=7
Column_12=7
Column_27=7
Column_0=6
Column_8=6
Column_38=6
Column_10=5
Column_26=5
Column_28=5
Column_56=5
Column_41=4
Column_2=3
Column_14=3
Column_55=3
Column_83=3
Column_87=3
Column_5=2
Column_30=2
Column_31=2
Column_48=2
Column_82=2
Column_93=2
Column_15=1
Column_39=1
Column_43=1
Column_53=1
Column_54=1
Column_95=1
Column_111=1
Column_120=1

parameters:
[boosting: gbdt]
[objective: regression]
[metric: rmse]
[tree_learner: serial]
[device_type: cpu]
[data_sample_strategy: bagging]
[data: ]
[valid: ]
[num_iterations: 21]
[learning_rate: 0.05]
[num_leaves: 31]
[num_threads: 0]
[seed: 42]
[deterministic: 1]
[force_col_wise: 1]
[force_row_wise: 0]
[histogram_pool_size: -1]
[max_depth: 5]
[min_data_in_leaf: 1000]
[min_sum_hessian_in_leaf: 0.001]
[bagging_fraction: 0.8]
[pos_bagging_fraction: 1]
[neg_bagging_fraction: 1]
[bagging_freq: 1]
[bagging_seed: 400]
[bagging_by_query: 0]
[feature_fraction: 0.8]
[feature_fraction_bynode: 1]
[feature_fraction_seed: 30056]
[extra_trees: 0]
[extra_seed: 12879]
[early_stopping_round: 0]
[early_stopping_min_delta: 0]
[first_metric_only: 0]
[max_delta_step: 0]
[lambda_l1: 0.1]
[lambda_l2: 10]
[linear_lambda: 0]
[min_gain_to_split: 0]
[drop_rate: 0.1]
[max_drop: 50]
[skip_drop: 0.5]
[xgboost_dart_mode: 0]
[uniform_drop: 0]
[drop_seed: 17869]
[top_rate: 0.2]
[other_rate: 0.1]
[min_data_per_group: 100]
[max_cat_threshold: 32]
[cat_l2: 10]
[cat_smooth: 10]
[max_cat_to_onehot: 4]
[top_k: 20]
[monotone_constraints: ]
[monotone_constraints_method: basic]
[monotone_penalty: 0]
[feature_contri: ]
[forcedsplits_filename: ]
[refit_decay_rate: 0.9]
[cegb_tradeoff: 1]
[cegb_penalty_split: 0]
[cegb_penalty_feature_lazy: ]
[cegb_penalty_feature_coupled: ]
[path_smooth: 0]
[interaction_constraints: ]
[verbosity: -1]
[saved_feature_importance_type: 0]
[use_quantized_grad: 0]
[num_grad_quant_bins: 4]
[quant_train_renew_leaf: 0]
[stochastic_rounding: 1]
[linear_tree: 0]
[max_bin: 255]
[max_bin_by_feature: ]
[min_data_in_bin: 3]
[bin_construct_sample_cnt: 200000]
[data_random_seed: 175]
[is_enable_sparse: 1]
[enable_bundle: 1]
[use_missing: 1]
[zero_as_missing: 0]
[feature_pre_filter: 1]
[pre_partition: 0]
[two_round: 0]
[header: 0]
[label_column: ]
[weight_column: ]
[group_column: ]
[ignore_column: ]
[categorical_feature: ]
[forcedbins_filename: ]
[precise_float_parser: 0]
[parser_config_file: ]
[objective_seed: 16083]
[num_class: 1]
[is_unbalance: 0]
[scale_pos_weight: 1]
[sigmoid: 1]
[boost_from_average: 1]
[reg_sqrt: 0]
[alpha: 0.9]
[fair_c: 1]
[poisson_max_delta_step: 0.7]
[tweedie_variance_power: 1.5]
[lambdarank_truncation_level: 30]
[lambdarank_norm: 1]
[label_gain: ]
[lambdarank_position_bias_regularization: 0]
[eval_at: ]
[multi_error_top_k: 1]
[auc_mu_weights: ]
[num_machines: 1]
[local_listen_port: 12400]
[time_out: 120]
[machine_list_filename: ]
[machines: ]
[gpu_platform_id: -1]
[gpu_device_id: -1]
[gpu_device_id_list: ]
[gpu_use_dp: 0]
[num_gpu: 1]

end of parameters

pandas_categorical:null
